Article,Acta,Adv.Theor.Math.Phys.,Annals,Class.Quant.Grav.,Commun.Math.Phys.,Eur.Phys.J.,Fortsch.Phys.,Int.,Int.J.Mod.Phys.,Int.J.Theor.Phys.,J.Geom.Phys.,J.Math.Phys.,J.Phys.,JHEP,Lett.Math.Phys.,Mod.,Mod.Phys.Lett.,Nucl.,Nucl.Phys.,Nucl.Phys.Proc.Suppl.,Nuovo,Phys.,Phys.Lett.,Phys.Rev.,Phys.Rev.Lett.,Prog.Theor.Phys.,Theor.Math.Phys.,Z.Phys.
9811192,0.0017550589361139473,0.003039773765809205,0.004100914279960819,0.04078632734500611,0.005271815503589931,0.011969855154213574,0.0026811499090015666,0.002368840232216011,0.024853437309983184,0.002635096802105548,0.0016235741843370472,0.004476682306420808,0.006442070150316968,0.1042827376870038,0.006938426516323478,0.0023404603203923784,0.041196639766641306,0.00592376078162098,0.0551415972456194,0.0029182595815712563,0.003239921070347575,0.004672229326046026,0.5384831549263006,0.09968240306007736,0.01098125256458681,0.008120971330821878,0.0017551010261555333,0.002318488917416686
9811002,0.0012663858214701858,0.003285257846095845,0.009697670251591415,0.030440166649046065,0.021498986852132956,0.003936005229532541,0.002266662760832857,0.012305762001577155,0.07158180601868831,0.0018083566507678397,0.0026756149221888663,0.027573697547463926,0.007543067159505949,0.04812923107670669,0.03103956959021328,0.002459923019852151,0.05617412286681115,0.014084655526827103,0.09978573785246395,0.0026807896521085194,0.0018982428544627456,0.055337419481496126,0.46335985602284824,0.01633532949949177,0.0028767060734731136,0.003645709285376656,0.0034921447457984876,0.002821122741175976
203206,0.00119214120644918,0.006343279418693931,0.002618628272250599,0.034483852504378826,0.01502003159432912,0.002578732006865767,0.006187726754578256,0.0029935920117238335,0.008710879442966361,0.0029768245102219687,0.0026360971398618647,0.006402467067189894,0.0024017453677954094,0.11380272970737988,0.002489840380917891,0.002313608620547157,0.02273481661042727,0.010111777687652812,0.5688135196340588,0.0064437743453032515,0.0021969963053029003,0.013205631023453145,0.0521688267242308,0.09451775004499027,0.00946009422461329,0.0035136718798564805,0.001989005954332559,0.0016919595596286178
8221,0.002480341824453729,0.008349713611046524,0.0026221641705927415,0.04287492861541971,0.006602795321974965,0.002114515069951979,0.005066420259868793,0.0030916546501076193,0.011662968084264633,0.001772979793010534,0.0027506549941382964,0.003953382646290095,0.0026807311497404587,0.25871240561584985,0.0018445237506527889,0.003473501111045611,0.026216042337985107,0.012662019229955147,0.21304813140960385,0.005114246942825504,0.0016938417735909359,0.010564682702117635,0.09651454176049579,0.2358935285401805,0.026746307096674565,0.007552891151709296,0.0019367606222789552,0.002003325764174507
9909164,0.0023967124395308076,0.012868021660772678,0.004035081009992659,0.015290101862834126,0.007965315172565266,0.004896910633139303,0.006436024581988111,0.00359338316236525,0.01570658016077448,0.002725075913071262,0.005526018722986545,0.007822037961058086,0.004433089670910495,0.3745687261609883,0.005266949074095084,0.0035164286901276085,0.017864951184775872,0.004908862459783246,0.05032413141285919,0.007352445238280635,0.0034406146671278072,0.004708118771796694,0.3893019963732254,0.031369053053895334,0.005177299575170496,0.0035274439239308714,0.002602731328506991,0.00237589513344725
208032,0.0028652303275448162,0.010181144492964318,0.004190298752179244,0.0275277425147997,0.00609036121109182,0.002476431333626829,0.012902269671720909,0.0031721416110294417,0.038268305899309074,0.0022844468543789702,0.0026627467973535496,0.009763211831317524,0.004005228644654442,0.2794883842307511,0.003999734520880919,0.001875217816600295,0.011898580111548394,0.0038137397765488075,0.1919804783749595,0.021992747542799354,0.0019622751404329117,0.002056428142080667,0.028431145651835504,0.30289303292674896,0.01457475716972748,0.0045117054256113166,0.0024970463672188293,0.0016351668602851738
9711017,0.0024762912296810136,0.01662932276554242,0.009645029075639753,0.005829836645477837,0.0054069879980973,0.037370984746148764,0.004087036072634751,0.003213450515432947,0.05869382589283429,0.003889530636839576,0.0036122458472493315,0.014852143764235897,0.0038076887030557304,0.24386709547644,0.0027102535046193152,0.006299964413665824,0.042399740313233666,0.010802488109292768,0.2671225605519547,0.010495978144591215,0.00168993608119695,0.008364223606823524,0.18896023434049927,0.019931466686717067,0.016682102986804,0.0053833265774384746,0.0035499255262707394,0.002226329787583061
9708019,0.0033146323907933136,0.00520070699736058,0.009322078841097188,0.03500658615310696,0.015524837666337185,0.004347406976815934,0.0025355500828618074,0.009629800353977798,0.14970197064142352,0.006256757336002119,0.006615544551775802,0.014093115339593407,0.013455730082979974,0.015348557307561236,0.014392276587549392,0.011102290920806642,0.09214434831887508,0.01441890141300153,0.175756532737323,0.011716703143820008,0.004420844419683808,0.061312181327175676,0.1400060265097939,0.147141957687945,0.015349973460091733,0.009371826534056497,0.009456350631275718,0.003056511586915247
205217,0.00217986591148692,0.005012137201041428,0.00889201215634621,0.006192724857219293,0.04835045488145335,0.004982715670916502,0.002406203094998002,0.007575754053335696,0.03958790676456651,0.0016277061374834311,0.004492875591039075,0.01603272865218988,0.029999415724082334,0.28377398505447843,0.008854250527780152,0.02806645515740035,0.00872606984216132,0.01088973733591828,0.3592160403773524,0.002920068386787867,0.003680487947113959,0.004003197711880098,0.0540053495174039,0.03971598982716379,0.004525420580948002,0.007443975320697102,0.003352542495468244,0.0034939292212875657
9706210,0.0027449086249191085,0.01538958313531174,0.00683733761871134,0.011006034710546604,0.004043346472262821,0.006067587370997318,0.0059062519360843614,0.010131189769539212,0.04361561366351866,0.0030569459953491683,0.0036022713752685495,0.006245896445686803,0.005849083540971255,0.03697118571815271,0.0029968573711024473,0.0028994821261324926,0.02942867973472904,0.01695338585202505,0.33504635179826625,0.2650116031540854,0.004902781577653923,0.009412770216318849,0.08784369321040056,0.060235924875836386,0.00945495232990758,0.00634952556962869,0.0058050074639450855,0.0021917483426486394
9711202,0.0025683019684548,0.008913804362083397,0.004157505925793222,0.0268642070004359,0.0027809349617651078,0.004817459876992669,0.0033754053169340456,0.0030728286946671646,0.03572457169610894,0.001615119462178468,0.0018120861197564058,0.01294662680943589,0.001475054372765247,0.23301830706293578,0.0012449326149001475,0.005168585362053731,0.010705891809097041,0.011274912296172203,0.27780965295036136,0.029234233015716576,0.0014998280750044392,0.004801209099059053,0.03573895100703455,0.22909700626340385,0.04127083390551228,0.006331149287948875,0.0014123099428186333,0.0012682907406102505
9411068,0.00317132922200554,0.006700519441550161,0.012377519285552615,0.0358526986108211,0.01749974659281947,0.004642133024883503,0.0025950925771293615,0.008639397253606837,0.03810994100760283,0.0030153337135017688,0.004560828507496377,0.12790931066970232,0.015750054731606896,0.025556530403831473,0.0159620305525371,0.0066543860763876445,0.03725321270711867,0.0205323480836187,0.13878627965225876,0.0038213482157186452,0.0025571550124235025,0.012816835391518124,0.33605025143601247,0.09447271263142266,0.0087630768070639,0.007872567937826553,0.005396032266831996,0.002681328187150819
9205040,0.006168451057483776,0.011555592415467835,0.013038544717692663,0.01844639859408596,0.15645349331816774,0.005549469736976889,0.0040769847483349275,0.014411996657229606,0.054971873800755966,0.0058034588640732765,0.011200332255390003,0.08583005732481298,0.09467955109205707,0.07258511183873644,0.013245894127904282,0.006782541406514578,0.04199565839667658,0.04557357043372945,0.16267648291997935,0.009177276817890701,0.0036730583577412592,0.02182339051153006,0.07158980117799552,0.03975898949560495,0.011284502413286018,0.006293672184817197,0.007591159066484275,0.003762686268580677
9808098,0.0036448477282222066,0.005705351662772686,0.009279223861944278,0.013904888110740527,0.006361694098509899,0.005726108720613334,0.06264055558894015,0.003154665725703411,0.037865039409449616,0.0032416212958355896,0.0027232012589679115,0.0039661188455440005,0.025139773885205316,0.06632782415945783,0.0034063741804355708,0.010048689249067351,0.03566196523755973,0.020090606405407715,0.4115540981056737,0.037465781747682135,0.001378362542465349,0.02524744217717209,0.10586443557446089,0.06636285215071441,0.02234267566443713,0.006068497160716607,0.003165226822192799,0.0016620786301078734
9401155,0.001332254765161911,0.0038792045181558917,0.028057505221470783,0.02132400928378254,0.005884140012372666,0.0035359099499193327,0.002464933138679216,0.006727132906254412,0.04010383136192279,0.003561926135629806,0.0019972179559073267,0.007910653758630886,0.007420112017661387,0.016583093481095285,0.003598716921416165,0.00529213611959128,0.023179387682887805,0.029713715291193654,0.0872278074409792,0.006646950394975781,0.0026476658377537895,0.013240807070113573,0.08093910224628666,0.5709004298872813,0.0028207363094762124,0.012365711494988366,0.00918386851486242,0.0014610402815495584
9804078,0.00441415550878322,0.006960102047769349,0.004326122746236005,0.05470304812327165,0.028464602429357947,0.0073305584881029244,0.003166823482313893,0.007328745172859574,0.05484295221644116,0.004749424336516908,0.0087699018778484,0.01139031524932987,0.008853811291820456,0.0625686468810621,0.008472143888387686,0.018227114235885817,0.06244255291223905,0.05535094132580527,0.2731823521555809,0.011216259894473663,0.004785479637844887,0.04487783625680532,0.11465725657819072,0.09811642907802767,0.01603880922928571,0.012373758111525624,0.008606965548115311,0.0037828912961188127
9807015,0.0017656554570543344,0.0014067964156613318,0.026401354347852356,0.004630783224971975,0.00152982409741248,0.01571549396769188,0.0017918909096330073,0.0030699386212581204,0.09877479647372876,0.008221759082494697,0.0016186555543235732,0.0033604125571314258,0.018214339396527744,0.010391371148503687,0.0016046212551985416,0.0026900112244436307,0.028928177826726815,0.0021017552888895836,0.004681315256012802,0.009593905013282356,0.002640748643942058,0.02822676324182515,0.10863842558468814,0.541547423234001,0.057968806395892525,0.00881010647126928,0.0021749202390695353,0.0034999490705134237
9408088,0.001538289038443835,0.0027422619779776483,0.005388206079967069,0.04368858850893058,0.01942257192188848,0.004101153724805666,0.002780042551788867,0.003287087796885579,0.045004972894451316,0.0036321802755338497,0.005200247951399451,0.008714373224435667,0.006751887712329181,0.05451047697712851,0.0018759874400230594,0.00820392435680331,0.05928330156060292,0.02433064359389772,0.3269484259914737,0.006607253573126827,0.003486649657481619,0.030375991985238694,0.036908108674185945,0.2502853924597782,0.025846135062468873,0.015949069309174096,0.002317377713329359,0.0008193979864500262
9711037,0.0032477058610667683,0.004850236871600905,0.008532470870242623,0.02229267688589674,0.004761168316533069,0.0070116182577538,0.0044117378458208645,0.00791502338572973,0.015930388812076205,0.0026755013061869567,0.002953890886163632,0.007798005926150708,0.012797068845425181,0.039945535630601076,0.0060623342347292265,0.006832712791890921,0.015458192435066045,0.00669962049663866,0.3546788689604787,0.007332093840557025,0.003013425995980934,0.01253662144521892,0.07189948328497694,0.3446437245842723,0.010499856227443089,0.00716411248404369,0.0034866094217252254,0.004569314095729953
9406021,0.001349849218041532,0.002504443732653959,0.005678849834960466,0.02033152259139802,0.004772986541612211,0.0034224990634359586,0.003201494173561717,0.004954373234542675,0.021869908159823627,0.004187001933441033,0.0018932636476105547,0.014014655634440659,0.007182051131761596,0.030219855143033658,0.0038151564302896296,0.002743477920062511,0.02541356966905686,0.007194788083360023,0.06275459492236869,0.008174559172907618,0.0029100021531017384,0.007509246763788324,0.05781168075669856,0.6746959400425064,0.013168124451854802,0.003986187875416753,0.0027582765876729585,0.0014816411305973943
9406208,0.002971324023052409,0.0028669870954962104,0.0037011252894852435,0.007310692542802796,0.002603064729695704,0.005331790896367021,0.002148005509838288,0.003458631888366463,0.05414959889306196,0.002009166260747337,0.004651516427750957,0.009923825182583635,0.002308788223950722,0.03390362567751624,0.0027278950828779317,0.007026318950037161,0.0590204829824133,0.025663403163755653,0.0776060395717049,0.005364174827429454,0.002297459735361828,0.016013592637565494,0.1363267894928608,0.5106874291456621,0.009438099242224725,0.006018356405571927,0.0028362148709655663,0.0016356012508542126
9311055,0.007195563980742565,0.003915726322392287,0.005940075984436582,0.009797779714623936,0.036493958105213525,0.016581586449542402,0.005405525524287017,0.0071465551995573825,0.0744279589475525,0.003716565423517719,0.004335526675987043,0.021477676886506175,0.022171237952178777,0.013098048137567648,0.004781860710281817,0.004211721784737402,0.0514707213400973,0.00909426229082798,0.11016146443344993,0.01091959049847291,0.005317925592935695,0.007767308668571895,0.3198319524002545,0.21542124698336768,0.007733510597751332,0.011193088182055238,0.00391510918476495,0.006476452028325816
9811164,0.0031237280269854656,0.0013134543153455133,0.026856360875174706,0.03819080299373745,0.0035495896574339303,0.0029269343110858268,0.0018104603526746333,0.0019343192715391487,0.0744746871464592,0.005048717701910176,0.0013074617878686492,0.035959314353459754,0.09585842811091055,0.018613275818780712,0.002132932310750827,0.0034267838527634975,0.015663028090822134,0.007207423920162476,0.05231790617427887,0.002475667326757549,0.0017735609838876486,0.006135969016204381,0.02518919158493176,0.5487607310122159,0.018238770956265634,0.001956771231086214,0.0019367460891670872,0.0018169827273403216
9904123,0.0035381674748885925,0.004687801708506748,0.0032787028336271366,0.01603861629469454,0.009801871420402444,0.005729906141168086,0.0034293761653574804,0.008227937689724789,0.06529271774146095,0.004613615569239449,0.006666155168166293,0.042851650916028015,0.01938175329509205,0.015484442145150195,0.00927163257433482,0.0055401809571348675,0.11042192985871839,0.010800429986146144,0.17408751175004153,0.006670642363796607,0.005504475199976067,0.007266059090559055,0.3292744289565018,0.10079734274382209,0.014462535630060905,0.010046735744215447,0.0033074388980739093,0.0035259416831117264
104169,0.003647837652016912,0.005594098262855443,0.008050507676921207,0.006391760078940881,0.0038531807187339086,0.006391699245957262,0.005517924242153094,0.0033429905246016053,0.024861701955382717,0.003530807923682965,0.002749213225139355,0.0635529219878958,0.014265761071625686,0.3874367274703495,0.003836939218177996,0.004298782477281905,0.03551766689548225,0.004432796623516377,0.2767643016800389,0.004184416799084012,0.0025976048883444977,0.004827749057803624,0.05774433569020997,0.03850809733386237,0.011722354662757728,0.010424645148885766,0.0037428029139115722,0.002210374574386748
9301117,0.0043815442994556714,0.004492328912463729,0.027217855912443214,0.011537778512918127,0.005055637343527135,0.01992343143269163,0.00269912391726366,0.019043700903214875,0.17365902759445967,0.004417625618866901,0.0031899881548453843,0.011047568930005016,0.025721547046525982,0.02989333757091271,0.003335439976172705,0.012450628969847532,0.028060610744649727,0.012547555599617911,0.20907597565973815,0.008491864120350318,0.008494175878405133,0.04503582700797962,0.13738970878253265,0.12968048321831527,0.009084417576004148,0.03888574492320033,0.008232851746641349,0.006954219646951641
9809135,0.0013447353995578923,0.0025753381205456103,0.011877242119102545,0.09946033249418504,0.008616721387820688,0.00926106584535472,0.007145475963726371,0.002001081304969575,0.03598086388688202,0.007481649827855343,0.0017067262858143069,0.0046117649174648966,0.008523636340741486,0.039684590849060085,0.003999177051027824,0.004461583501544931,0.0643221154357716,0.006708023565832662,0.15599935812289198,0.0029377680708278404,0.003666818667362185,0.010196059225488746,0.16929242971138556,0.309877580454691,0.004405899768731013,0.012695287450148683,0.004162778906826814,0.007003895324388665
9806021,0.001728755332992623,0.003861576991952435,0.0044893143010265295,0.008607316834232043,0.001754246451040172,0.004162715577112307,0.0034001498840559915,0.001505103986823632,0.010393204264440136,0.0019595971388411512,0.002503047851979011,0.002247698636717614,0.0011393424672619151,0.15659720856294226,0.000913412129726721,0.0021310925667605497,0.007065131714339222,0.0063186742360224575,0.20657081866080465,0.01032797728800648,0.001538171311503802,0.006692800206174254,0.3150576260079233,0.2076548943470812,0.026185206482894515,0.0027430552212303187,0.001081108738852239,0.0013707528072623564
9806207,0.004858147163875655,0.007084870266842269,0.010971186464420697,0.018463409130302987,0.05585558433571433,0.010970204034528154,0.004690437837865788,0.008113846699292207,0.11036864106950663,0.007111481791106709,0.010870488833062911,0.09229119155960182,0.056858553378835906,0.02013724200764335,0.023536067813642283,0.01438865819233598,0.04244756901325184,0.016643362556189093,0.1584807136797138,0.007534213445804679,0.006709993987566433,0.030550352931756692,0.17230310392022946,0.04470047961251329,0.02271914654726549,0.018072998027297074,0.01206673741785875,0.01120131828197585
9510084,0.002023112215216971,0.0030071136125562736,0.0059042910242734,0.013405199140699355,0.010715360216506658,0.003239969317905669,0.0037710590854635323,0.014465083846810407,0.04876460603664104,0.0024117863543641153,0.003163260816016469,0.015491620999251951,0.014628634134723676,0.03831319961966447,0.007939066719519982,0.004211639729395999,0.029035120886558973,0.010777560913415559,0.5939212522553411,0.005051493817877918,0.002119807028816758,0.023871616544871074,0.08306341123309867,0.03779214949009773,0.007021152399806799,0.009857772584401698,0.004448752555287651,0.0015849074214161311
112005,0.0011977363953950954,0.04954523945702852,0.004060840984533302,0.004283618325399413,0.03784255397296375,0.0017311694126465429,0.002799250454917844,0.002933478765531368,0.021322781370177013,0.0009706225560011642,0.01689891676905563,0.004342298577509586,0.0020693784140042564,0.02176996532801522,0.0025071351918625386,0.00434781260090265,0.01099855396425086,0.011715365462979126,0.739817181921391,0.014216789285022922,0.0009199826257623818,0.014295949541166418,0.018611073051774594,0.001755109767934874,0.001719186625328681,0.001779181515831415,0.003747004783201468,0.0018018228794121215
9211099,0.005683347075670609,0.013442640789148119,0.009223892697130514,0.02495826097932544,0.10138674197410588,0.013025836533353615,0.007733604013132597,0.0158353816309355,0.042138820067887356,0.009435295312529023,0.0047037421455288116,0.04221085151603012,0.0508519941083738,0.0479904841219967,0.006700464304372409,0.011811441364489476,0.06384449029723725,0.02175598226041596,0.14667198209866877,0.016251541437967913,0.008747494941655052,0.02308081279341779,0.14978449770609673,0.09964302802333853,0.04064745570532961,0.011698852240674145,0.00729351420912146,0.003447549652066831
9611175,0.0014657607733495122,0.004687749496372969,0.002892598325204669,0.06161119326910118,0.002375541861004823,0.001971593868384894,0.004560165380358888,0.0021844057674870287,0.15012041597261802,0.002482642899624056,0.0013947194371006291,0.00205147712331949,0.0011809864490287144,0.21579696163977458,0.0012378327968412398,0.0038876198951905525,0.012598753047248668,0.006367762682759541,0.0944533285162133,0.0213252270077613,0.0018613391116861252,0.006334970309988437,0.10146265976588992,0.19618131878529646,0.0901211935466353,0.006973149456409682,0.0012342367721148307,0.0011843960432353312
9811089,0.001370494640223605,0.006201930491975157,0.0026284237209712596,0.10400687758739754,0.0016026059103405254,0.0030021190395007648,0.004316976712258269,0.0012930842217001265,0.004904001793999545,0.0023067632712753306,0.0021862819887210495,0.003116256692267638,0.0005852741925218772,0.212463339678227,0.0010497824989257234,0.0026150674365197444,0.02509296935376516,0.002144791593603289,0.1548942616933651,0.007308321904734857,0.00178978275368257,0.003489766715571297,0.08101983371427672,0.3458085324257722,0.019162064245045043,0.003099362940340858,0.0014012808216276548,0.0011397519613899876
9209013,0.0016717803770374125,0.0014038933615671545,0.011211915544777228,0.01992090856128364,0.0025832755198967224,0.005318252392901447,0.0031802127895431227,0.003127525599458879,0.12500552014107946,0.0027801609864970328,0.0025721093218946537,0.0032378072050585757,0.0019190578074940394,0.11946562997595246,0.0025473062300428433,0.003201910758041159,0.043312289445455635,0.0093486999563758,0.12106439108645621,0.007006386487174327,0.0027394824597350427,0.010141827531398527,0.14257317696377675,0.3139420050402576,0.02138837054570967,0.013411671816425202,0.0018917135881042566,0.004032718506605071
9810237,0.00389666007268173,0.008015061797374297,0.007243894387967322,0.00980334295330377,0.012205047618415598,0.006851706064000762,0.0036770855160006576,0.007384416493728245,0.1311359363750672,0.0034052806937251304,0.006821541215788416,0.018925372723014346,0.012096497532958652,0.05257778863231418,0.007356999249881656,0.012137904093458936,0.06607752657181275,0.008651343538910766,0.13422764173298227,0.008211063061673221,0.003399713740972752,0.023807174569912947,0.24494424592595015,0.10886838694324064,0.019900222547851117,0.07051633833687646,0.003500020669230812,0.004361786940905246
9601083,0.0036360223415761845,0.003818204516940683,0.006166065405700298,0.023117086268104138,0.0065602500524411115,0.005219138015974664,0.002960946691268237,0.003800455787948672,0.014648455614263657,0.004825854501363504,0.002404905761104659,0.01454967332370508,0.005039720820063411,0.04046687630734965,0.0043236698695259,0.0046475151927709716,0.08372951612357771,0.006522617066575171,0.0208403537986978,0.006849020831599764,0.0023542703534372624,0.007244308105931546,0.1919668526000277,0.4854051971192681,0.03472262881390617,0.008315866166352992,0.0035049936843641167,0.0023595348661607173
9909050,0.0030518279456979475,0.01020549041796092,0.008607371480019298,0.0407612705546627,0.04612549285970487,0.0039039723724703136,0.004691879685964913,0.003378388605377927,0.0765512078889771,0.004089320522088942,0.020510295248788404,0.05798372239182397,0.016126595828878373,0.01690505011242186,0.03140755458490678,0.0036911899084618536,0.0802243072058744,0.03578598096961651,0.17924383518780673,0.005525405434339184,0.004922215163283063,0.017608415094615065,0.19378734542313653,0.1218525940070945,0.002852142504113642,0.0024894619934127567,0.004541201255846833,0.0031764653526546263
9904111,0.00536952612820951,0.007594638562441435,0.005885558330935259,0.017782505886783255,0.015171421822891188,0.01198040965683999,0.2893377301928001,0.008338864156366765,0.05435154594084661,0.0051408398111979885,0.0025532196359237366,0.007983584524271335,0.009602635140039178,0.05650843322110208,0.0045979799084932185,0.0036723479339681843,0.062174072410879265,0.009623035007209119,0.0567682095656182,0.22462547238933842,0.003436191732870995,0.0170731358745672,0.048933343370314596,0.03693097198791169,0.018519494150217395,0.006211523233384295,0.007231608837831031,0.0026017005867479738
9805054,0.0023521299796278026,0.006620246200811765,0.005039229328744906,0.018236750697594683,0.019685478211981404,0.00351991429357655,0.005859984820067427,0.002661969130568066,0.0178421613739137,0.0028532764256479753,0.003094848165233343,0.006328220165044298,0.030768198991641744,0.05359968675949621,0.005350375632619295,0.003922345859009893,0.04397774021360762,0.004534857999592415,0.21596970233926827,0.005145295889285002,0.0030469365799728103,0.004834230585538974,0.3882190994500598,0.12814484950530117,0.004603788883873777,0.00875602131606599,0.002745142873013666,0.0022875183288413427
205166,0.002299536844941148,0.006882428092864495,0.002974002039686959,0.0350566729208239,0.004322287769892599,0.0031134042933828672,0.005736648593397167,0.004388822553378285,0.011731308705239675,0.002815126881883362,0.0026689096000709956,0.010453237668880956,0.006367271438401975,0.2039696448324927,0.003782113936209123,0.00404241376524101,0.014154796214608299,0.0053455600767235165,0.36023362864730263,0.014229223155271394,0.0028411852427220265,0.006859519026744543,0.19108544909614086,0.07067782469929328,0.009364146680480464,0.0088139736405437,0.0031968457259800606,0.002594017857402053
9812067,0.0014427928996823703,0.010399326137001712,0.0017540151526975313,0.014370861383545382,0.0020897303816774784,0.0023165075668896617,0.005863574167640184,0.0025794715305067096,0.012640929119726918,0.001513913955107148,0.0015109921162072173,0.002241614355730797,0.001111208484972503,0.35860123094006213,0.008350072733242751,0.001200057278904109,0.016197811490240868,0.002589254798400331,0.26983266047606896,0.006529891776215736,0.0009822883689734091,0.002850543854651047,0.15465241930856813,0.10529201193795161,0.004123585635407347,0.005808010821934785,0.0022838147196483356,0.0008714086083448744
9190,0.0023705064154827234,0.004342229356242699,0.007883023859019105,0.013775686948525418,0.0045007484570612245,0.009403912558033732,0.002815366177104032,0.0057014957408550275,0.05306783314259006,0.005751503631866646,0.004127084028954072,0.007773178900786742,0.009891294382976258,0.05476841456735984,0.0037733098541149613,0.005795067208822205,0.09414161779325543,0.013276588753189818,0.19898459299812135,0.021607384703547134,0.008258256619907757,0.017606297778201486,0.28943464116447043,0.1053385754905407,0.014619831440016714,0.03272124840260955,0.004323169266084106,0.003947140360260627
9810041,0.0017569073034648104,0.005269958528366113,0.0057616320265546726,0.03173638440101375,0.004281839804803348,0.0055547929649125884,0.00462024410593692,0.003792978635183359,0.008629392562854886,0.0031381831015136574,0.003190561154690663,0.006080071632819394,0.0038445619016664713,0.11274995051612155,0.002260063300751376,0.0063327704454275435,0.02422226871996333,0.006360840658185672,0.24939948019109673,0.011628691118498914,0.002080490681567773,0.020194608979647612,0.30734527314406046,0.1384919420584586,0.015178821537475282,0.011551195721792706,0.002507286335808084,0.002038808467363699
9309014,0.0029019990547934807,0.0023339079552404506,0.006592550053146727,0.017348134337988,0.04994487449837215,0.0053763853983608756,0.0030892963688814567,0.009429396679523968,0.06153935803389496,0.0037559988840659446,0.008608555139496389,0.04090972284135503,0.031760571248569874,0.007521856540567071,0.010653818949483475,0.007129561525178774,0.06107680037994868,0.017788628462400567,0.30361602163348134,0.007596155474854647,0.00300978378672197,0.02748823423978422,0.2806879137605476,0.0064987645105467826,0.006321877044812725,0.005088909364577102,0.00814389831039533,0.0037870255230105
9911116,0.0005413193374122067,0.0019701169732633836,0.0005068238803877221,0.008280491696764461,0.0012291163064757048,0.0010023440981059718,0.0017279843657686236,0.000761620323669627,0.0024440361267237224,0.0005390955524884696,0.0011917242201755543,0.0006405284472583703,0.0006474154897743516,0.6919545158661451,0.000673802719930886,0.0013580226460925549,0.014765861357888065,0.000990005612672046,0.14876361501724605,0.004394699536402936,0.000722250518362774,0.001405446461718455,0.09662636170815679,0.005065154208642655,0.007722387624819687,0.0031121915521714594,0.0006409732718961678,0.0003220950795861422
11191,0.0012314260435117136,0.004750499662354469,0.0022240829206935315,0.03338572599111811,0.0012698224855008237,0.0063187488446879965,0.007036906246597816,0.0014549420588915328,0.00955065248399835,0.0023677506144289973,0.0011913847935997085,0.0034696868743375278,0.0021743348228232587,0.31400446666304016,0.0018087292224178925,0.0033043943135661227,0.03033298077166102,0.0038079255924373463,0.21631658973575624,0.016277246699688705,0.003086835913028816,0.007891515404824441,0.12801915749645265,0.17085601634276576,0.008591772155083256,0.008059384115755998,0.002937099726267284,0.00827992200471024
106200,0.0015841441715294864,0.005554438594183197,0.0037337285776439535,0.09271712267368079,0.0045218001768952435,0.0074867256037877234,0.004611886289122523,0.007185913582883225,0.08775796445056333,0.0045026068540553925,0.0050923594050493945,0.007956691310261497,0.005637471935928401,0.2699578577962049,0.008483409200468727,0.0047040859189906165,0.05751585137272327,0.003838387203801307,0.10390641935665111,0.004588257293715273,0.002556103213494033,0.015041085678421029,0.22534828860131964,0.036406310838269285,0.0030232818551985978,0.004946534627316262,0.019234472710997992,0.0021068007068437405
101042,0.002047876020005014,0.0017881547167307554,0.00184253619443685,0.02992046680542392,0.001854603265225932,0.0021049800183898636,0.002008071755777816,0.0022131296861484366,0.014573166118835211,0.001769932447541055,0.002383065969661631,0.004058594503288197,0.0025301319239832603,0.0295870034932454,0.001306063419905057,0.003019790290706059,0.01229934823884061,0.006071444349828324,0.10923419600444069,0.0033928566471620784,0.0019708137613323423,0.006751209200626784,0.415508115067661,0.2668621950792748,0.06573441365028707,0.006407039200405843,0.0014511811299688427,0.0013096210408673498
9809053,0.007674787748350932,0.0033161768105953587,0.032653002618091335,0.00889660341002734,0.019895707505717376,0.01718275560902121,0.0037393027651020086,0.0038597981778074877,0.023218272968134723,0.004808210400966426,0.00360147547969495,0.034372171951226466,0.032113642262511274,0.04271506210090149,0.006847101897269256,0.005912404789911989,0.10831947469620301,0.022487823400077593,0.29219074823597013,0.009353936019694871,0.010612348230612518,0.03011118948074149,0.08689965294979579,0.13945568184658477,0.014375443445042699,0.017697731129964357,0.011017812024944255,0.0066716820450388415
12186,0.002270748440772985,0.0029032606087543286,0.005093393327525127,0.03154767450737486,0.016518220119867175,0.004333855570648151,0.7310446912851609,0.004638173786794141,0.015441260467040622,0.004473288714163926,0.0035260573400131808,0.02029739360571679,0.012771336485952479,0.001962040543615491,0.009298196297198686,0.0071964420342231685,0.02235409654917042,0.011250973936012772,0.007017319031833032,0.01255608275304776,0.0036207567121216196,0.008175262301734978,0.01681773029853988,0.014242525977268461,0.018951566763596914,0.006204768357097778,0.0020639508810909005,0.003428933303663636
9211132,0.0034468045617070215,0.004423923470883782,0.014420112910344743,0.010696138786881146,0.008825986016799854,0.007104934670095946,0.002186668629385552,0.012702542633529062,0.1303476542939291,0.002489978754356013,0.0032924816258749776,0.04148792339295568,0.02758696373736291,0.017459520680090445,0.003882185984042293,0.030049482550643946,0.027192521162094446,0.030856673481313587,0.1533596202550046,0.005411825076044694,0.0027159324302722587,0.0563502231392415,0.24009277852487865,0.12986595760871472,0.01745918972621461,0.0044745412870704614,0.006480452400059131,0.005336982210208912
9405153,0.003829867279476182,0.015379946358235004,0.004104590344894764,0.004277711392968378,0.08379321807395984,0.0025110441008086154,0.00461937157929991,0.004430050130937438,0.031171208485529858,0.004512234645721484,0.005298576153628334,0.021716358730115327,0.015562157371657913,0.019165635457060837,0.011567018960382898,0.009315131405724797,0.029386266370804253,0.011380338158377799,0.5983263110622192,0.006130393591191239,0.0026765643681135446,0.010210911020555616,0.05674370777076781,0.00903901836501647,0.02173440927673981,0.005807195955327417,0.004033061204914779,0.003277702385570446
211066,0.0011735834101418653,0.00529733595133368,0.0036395918352962278,0.02748572431113416,0.006133323119110731,0.0035234325615951263,0.0027004046724788612,0.002134771416122921,0.016699309744751728,0.0023470927032875188,0.00220650675911226,0.015454299374832992,0.0017603057760005043,0.04428911245010736,0.0012791257461489127,0.0028605079834622326,0.03846777578851739,0.004836604284488858,0.12162756792994533,0.007806591782486661,0.005678124064272323,0.007928794544406375,0.3357043402882334,0.3223000817685499,0.006288418885319519,0.006567412652122107,0.0011732181879975448,0.0026366420087435777
203193,0.0026109313761425793,0.003204371218089765,0.009453767571218769,0.02243143387580969,0.004926387947899328,0.011112570592705241,0.0036037788727544314,0.0040598214643342125,0.02718355792985986,0.0031326570622518834,0.002920605067614409,0.006180617589784425,0.011293940929089374,0.051774325142651664,0.004446760041951347,0.004807353860977353,0.015661116671347307,0.010464141849518141,0.11782928901316013,0.006875300946099842,0.003120698331232051,0.014618062646094457,0.11691598247075878,0.4989071850232901,0.02630490489707568,0.008869235074355528,0.0034485862856029497,0.0038426162483307332
9309027,0.0029408268919707396,0.003065714079595202,0.030841190291386607,0.08290860058170454,0.15502230538666636,0.0045366006575615495,0.007213366680696275,0.00641520341474879,0.09145260226913797,0.009029507358916557,0.0055605146332127825,0.04271872526412984,0.02472367450877967,0.04839753520966974,0.0400534946134956,0.007136775814656066,0.03449024931595645,0.006733853165048768,0.16413159581344464,0.008969451815580782,0.0029280132220469318,0.048656383026100446,0.12069884721178584,0.023139064193351662,0.0021425065765282914,0.017112523035777455,0.005152373296687884,0.003828501671362507
9802062,0.0014342895690330083,0.0013823692733945796,0.016962227081494783,0.004255619367657894,0.002374051523149939,0.006806022574216024,0.0016887343109416556,0.00601037959682427,0.05496138611563878,0.002256436383359362,0.004247359553177555,0.005817794785598396,0.005588986567788346,0.013398815933413645,0.0015489721177692798,0.0027374407254682626,0.02108222919511093,0.005230673992504966,0.021459970434278487,0.004765916082904788,0.0019823455500271618,0.02536382619904114,0.1017227895109291,0.6673466814574678,0.005392654557067648,0.00826524101858554,0.0038618336601744106,0.002054952862982285
9509073,0.0038084666406372984,0.004307466930402367,0.0158477937783056,0.08742272166214579,0.03067163437027437,0.004588951248357339,0.0032110003955793157,0.010801173044787806,0.1107578098567381,0.0035663703440630004,0.003523096862198898,0.08618588768003259,0.04859889879737746,0.023377947810779773,0.005553521885264509,0.0061961286057334395,0.01740908819383458,0.026414062858247052,0.10835190979261868,0.012034467246821213,0.002897441669274847,0.020188775340586367,0.032154880605012814,0.2928572096133704,0.00500890123032244,0.027744711407230928,0.0034454386090060846,0.003074243520997035
212225,0.0026289770779297267,0.006903456889367059,0.005973264108282943,0.0069057053960234266,0.00848606690630779,0.005464939784753761,0.004183145176223399,0.004238990525880101,0.015034216083532562,0.0014201026338520543,0.0013024752160963639,0.0018968318331631462,0.0022141931063244624,0.067547256364092,0.0021409517360230453,0.005590198503384014,0.015305881760502524,0.005282262830191363,0.5589335901238387,0.002569098088014101,0.0015847238913458829,0.012540112191564791,0.1894773492434878,0.03256077150216065,0.0043497667654386184,0.03228489544655315,0.0019460759624710473,0.001234700853195386
6101,0.0012604475758332195,0.00400257361130933,0.005263876543968365,0.0070578327829347726,0.001402656088781809,0.0030697445759265683,0.005293041755942676,0.0014027669927918814,0.007056973944697271,0.0012716839666257332,0.0009741371201999324,0.002011035808871559,0.0012552091790512536,0.06712544144528973,0.0007886310194613321,0.002751510030768387,0.007526064745131183,0.003926316261530099,0.45558364251804634,0.025684937655053697,0.0009526499938220528,0.007974779928887328,0.13781661321934854,0.22715958830304306,0.01579403167834141,0.003275480598515589,0.001107388232020095,0.0012109444238066443
9905231,0.0015295833740285882,0.005438438652380986,0.004227868568133448,0.1132211800501599,0.0064139862136273745,0.004516039267121035,0.006071657762900365,0.00356769779672936,0.017237606181387224,0.001896239052084976,0.004842018385096016,0.010320803104257136,0.013424576379606614,0.18906491150008373,0.004685918672454723,0.0018761316167355624,0.0035007951052178046,0.0061923144668390075,0.3229438387360151,0.0028807641018006847,0.002504079455916556,0.003511391077159238,0.06565549276953733,0.18506118120236703,0.007616437256456077,0.006351892896288106,0.003970356767254936,0.0014767995883611276
6005,0.006516945432356772,0.002990510082435458,0.006535381089698897,0.0060040684515813405,0.09126502455942499,0.003960030601047155,0.006281523550367251,0.006334192285427213,0.14560086588113078,0.004120277687639191,0.03673669236355905,0.11067794003049634,0.021192370982267353,0.06406357176869758,0.16740300117554047,0.0016074706199988,0.04287731018803399,0.0026921203490693347,0.032727477258968775,0.01833097247964113,0.0021852009653377316,0.003608793434045256,0.16877996247244498,0.0023029023909545204,0.01369323248352252,0.023515167444804662,0.006453481354545081,0.0015435126169635034
9608169,0.0011154997317080028,0.014180848172038464,0.003908700454135608,0.012164831061207361,0.06308443493704217,0.0022301875525655465,0.0037555432342916235,0.011117343744422853,0.04224693669770843,0.0022117681156787992,0.011150319056865341,0.015441565924965303,0.004791546716756645,0.08064075789783993,0.01252129038351924,0.005859521553396183,0.0675162932261888,0.032382415944139716,0.5263815861817345,0.004365328037908491,0.0011303925532700828,0.011318463930233273,0.01777551997524393,0.03855338932876896,0.005723878805686648,0.0017926900347026652,0.004113664347931067,0.0025252824000504435
9612210,0.00492318019555838,0.004893281637967618,0.007529197404275462,0.011813980217727211,0.07780265542874543,0.008132332268980653,0.0054653892206937,0.0257030797718619,0.0474005195383092,0.0040661573458882746,0.018709825901943672,0.15789786208053638,0.03665400318987188,0.07304400618683253,0.026457968137164663,0.010917487696620841,0.21734777507280742,0.01970407350301883,0.036531753795515355,0.009246509706449932,0.0036196182701712515,0.01756482149484425,0.07727656866072469,0.031586788044260614,0.04651991171515164,0.006236883205321366,0.007595288936472578,0.0053590813722842615
9603149,0.0014359486218041674,0.0016353572225175307,0.00975323252399374,0.018269331859419657,0.045203098601609704,0.0038397864958592634,0.0022140006489375537,0.005034967911715359,0.16478345737254613,0.0026998036457112524,0.007473071635981187,0.010779629697345234,0.033045003199885396,0.02524785648301173,0.014273267678720008,0.007158590044157334,0.2822919183626773,0.02284146406532606,0.15091385113649486,0.0024863074578597706,0.0018156857878212675,0.030107239240699194,0.10135111674725292,0.03650256496122777,0.0041209803043764075,0.004349047696877502,0.007743000195518093,0.002630420400653685
112095,0.0021448187572265277,0.002918153003030444,0.00936052238856548,0.006245286972822631,0.010814587177193222,0.005897466872282609,0.0022617479706613128,0.010435055785740352,0.1186182855471225,0.0034611606781780268,0.004031402192312358,0.011011586331649306,0.027480678351510402,0.012086297712547815,0.020330516394450847,0.005737956265762283,0.010802773937647404,0.013732579940884698,0.5286789439827956,0.004713447938653702,0.001657734572899652,0.009816587360197464,0.03841271216332479,0.12098376627035771,0.009389561945452308,0.0030869392852028044,0.0030681758588988893,0.002821254342628661
